k=5

January: 
March:
April:
July:

k=15

January: 0.5389228173664637
March: 0.5816643311863854
April: 0.5631300316916571
July: 0.5868345879373096